1144
1 1
1 2
2 2
4 1
5 1
3 4
4 4
8 1
9 1
10 1
8 4
12 1
7 7
7 8
15 1
15 2
17 1
15 4
19 1
20 1
20 2
22 1
23 1
20 5
25 1
26 1
25 3
14 15
15 15
30 1
30 2
30 3
33 1
33 2
30 6
30 7
37 1
37 2
39 1
39 2
37 5
42 1
42 2
42 3
45 1
46 1
47 1
42 7
49 1
42 9
51 1
51 2
51 3
51 4
55 1
55 2
57 1
29 30
30 30
60 1
61 1
60 3
63 1
60 5
60 6
66 1
67 1
67 2
60 10
70 1
60 12
72 1
72 2
74 1
74 2
72 5
77 1
77 2
79 1
79 2
81 1
79 4
83 1
84 1
79 7
86 1
87 1
88 1
88 2
90 1
88 4
92 1
93 1
86 9
95 1
96 1
86 12
98 1
99 1
59 60
60 60
119 119
119 120
238 238
238 239
476 477
477 477
953 954
954 954
1907 1907
1907 1908
3814 3815
3815 3815
7629 7629
7629 7630
15258 15258
15258 15259
30516 30516
30516 30517
61032 61032
61032 61033
122064 122064
122064 122065
244128 244128
244128 244129
488256 488257
488257 488257
976513 976514
976514 976514
1953027 1953028
1953028 1953028
3906055 3906055
3906055 3906056
7812110 7812110
7812110 7812111
15624220 15624220
15624220 15624221
31248440 31248441
31248441 31248441
62496881 62496881
62496881 62496882
124993762 124993763
124993763 124993763
249987525 249987526
499975051 499975051
999950102 19
999950121 72
999950193 77
999950270 37
999950307 79
999950386 13
999950399 42
999950441 20
999950461 17
999950478 6
999950484 37
999950521 8
999950529 51
999950580 86
999950666 70
999950736 98
999950834 42
999950876 55
999950931 25
999950956 22
999950978 39
999951017 14
999951031 5
999951036 18
999951054 79
999951133 72
999951205 1
999951206 17
999951223 54
999951277 49
999951326 25
999951351 57
999951408 28
999951436 95
999951531 19
999951550 74
999951624 18
999951642 42
999951684 22
999951706 96
999951802 78
999951880 6
999951886 45
999951931 15
999951946 87
999952033 83
999952116 77
999952193 88
999952281 74
999952355 57
999952412 1
999952413 84
999952497 66
999952563 55
999952618 42
999952660 39
999952699 65
999952764 10
999952774 92
999952866 53
999952919 72
999952991 51
999953042 49
999953091 51
999953142 86
999953228 84
999953312 46
999953358 36
999953394 46
999953440 77
999953517 90
999953607 85
999953692 67
999953759 92
999953851 84
999953935 91
999954026 22
999954048 37
999954085 98
999954183 99
999954282 6
999954288 73
999954361 23
999954384 33
999954417 32
999954449 95
999954544 91
999954635 37
999954672 85
999954757 51
999954808 25
999954833 35
999954868 31
999954899 66
999954965 13
999954978 41
999955019 72
999955091 65
999955156 90
999955246 63
999955309 39
999955348 81
999955429 69
999955498 7
999955505 68
999955573 2
999955575 17
999955592 74
999955666 3
999955669 78
999955747 53
999955800 68
999955868 91
999955959 34
999955993 96
999956089 29
999956118 96
999956214 73
999956287 11
999956298 79
999956377 54
999956431 14
999956445 4
999956449 80
999956529 28
999956557 7
999956564 53
999956617 77
999956694 12
999956706 20
999956726 66
999956792 50
999956842 88
999956930 60
999956990 73
999957063 44
999957107 19
999957126 83
999957209 20
999957229 21
999957250 99
999957349 53
999957402 43
999957445 16
999957461 76
999957537 63
999957600 43
999957643 6
999957649 26
999957675 30
999957705 29
999957734 41
999957775 95
999957870 43
999957913 13
999957926 88
999958014 66
999958080 93
999958173 71
999958244 68
999958312 8
999958320 70
999958390 29
999958419 68
999958487 81
999958568 74
999958642 30
999958672 71
999958743 3
999958746 70
999958816 88
999958904 94
999958998 82
999959080 83
999959163 81
999959244 83
999959327 23
999959350 29
999959379 58
999959437 20
999959457 20
999959477 38
999959515 34
999959549 35
999959584 79
999959663 81
999959744 51
999959795 75
999959870 18
999959888 60
999959948 99
999960047 86
999960133 24
999960157 27
999960184 86
999960270 75
999960345 64
999960409 69
999960478 80
999960558 15
999960573 74
999960647 27
999960674 46
999960720 56
999960776 34
999960810 80
999960890 64
999960954 72
999961026 59
999961085 82
999961167 65
999961232 99
999961331 42
999961373 55
999961428 16
999961444 87
999961531 90
999961621 70
999961691 86
999961777 77
999961854 46
999961900 44
999961944 40
999961984 82
999962066 66
999962132 59
999962191 90
999962281 89
999962370 16
999962386 57
999962443 84
999962527 95
999962622 2
999962624 22
999962646 78
999962724 6
999962730 23
999962753 77
999962830 9
999962839 27
999962866 83
999962949 43
999962992 94
999963086 15
999963101 65
999963166 53
999963219 58
999963277 88
999963365 24
999963389 35
999963424 15
999963439 22
999963461 55
999963516 21
999963537 47
999963584 18
999963602 37
999963639 28
999963667 69
999963736 84
999963820 29
999963849 57
999963906 41
999963947 36
999963983 80
999964063 76
999964139 85
999964224 16
999964240 88
999964328 64
999964392 18
999964410 42
999964452 58
999964510 35
999964545 76
999964621 82
999964703 36
999964739 54
999964793 58
999964851 90
999964941 53
999964994 80
999965074 33
999965107 26
999965133 23
999965156 100
999965256 93
999965349 38
999965387 96
999965483 38
999965521 66
999965587 39
999965626 5
999965631 53
999965684 61
999965745 96
999965841 53
999965894 51
999965945 59
999966004 87
999966091 50
999966141 11
999966152 14
999966166 73
999966239 65
999966304 84
999966388 78
999966466 11
999966477 4
999966481 12
999966493 57
999966550 91
999966641 20
999966661 99
999966760 51
999966811 82
999966893 31
999966924 20
999966944 98
999967042 91
999967133 40
999967173 92
999967265 21
999967286 33
999967319 84
999967403 49
999967452 64
999967516 60
999967576 69
999967645 49
999967694 40
999967734 79
999967813 94
999967907 62
999967969 15
999967984 30
999968014 17
999968031 45
999968076 34
999968110 52
999968162 57
999968219 88
999968307 85
999968392 14
999968406 100
999968506 22
999968528 21
999968549 78
999968627 31
999968658 25
999968683 40
999968723 24
999968747 41
999968788 4
999968792 9
999968801 95
999968896 100
999968996 5
999969001 91
999969092 96
999969188 70
999969258 41
999969299 37
999969336 14
999969350 81
999969431 50
999969481 3
999969484 44
999969528 41
999969569 46
999969615 13
999969628 29
999969657 66
999969723 95
999969818 60
999969878 76
999969954 97
999970051 43
999970094 95
999970189 87
999970276 78
999970354 78
999970432 50
999970482 20
999970502 42
999970544 57
999970601 46
999970647 77
999970724 10
999970734 30
999970764 22
999970786 85
999970871 83
999970954 21
999970975 67
999971042 52
999971094 92
999971186 54
999971240 92
999971332 5
999971337 84
999971421 95
999971516 58
999971574 73
999971647 27
999971674 94
999971768 41
999971809 55
999971864 75
999971939 39
999971978 68
999972046 36
999972082 45
999972127 48
999972175 95
999972270 81
999972351 22
999972373 92
999972465 11
999972476 85
999972561 44
999972605 67
999972672 95
999972767 66
999972833 45
999972878 9
999972887 55
999972942 3
999972945 41
999972986 93
999973079 98
999973177 54
999973231 58
999973289 51
999973340 92
999973432 46
999973478 45
999973523 52
999973575 50
999973625 69
999973694 40
999973734 26
999973760 58
999973818 98
999973916 92
999974008 80
999974088 51
999974139 73
999974212 40
999974252 41
999974293 78
999974371 16
999974387 88
999974475 26
999974501 65
999974566 66
999974632 30
999974662 79
999974741 47
999974788 100
999974888 56
999974944 79
999975023 77
999975100 20
999975120 29
999975149 36
999975185 16
999975201 16
999975217 53
999975270 44
999975314 39
999975353 93
999975446 88
999975534 19
999975553 9
999975562 99
999975661 36
999975697 94
999975791 37
999975828 65
999975893 21
999975914 17
999975931 15
999975946 74
999976020 73
999976093 69
999976162 43
999976205 74
999976279 44
999976323 34
999976357 3
999976360 86
999976446 56
999976502 27
999976529 67
999976596 10
999976606 14
999976620 25
999976645 21
999976666 40
999976706 31
999976737 89
999976826 84
999976910 84
999976994 45
999977039 92
999977131 96
999977227 69
999977296 77
999977373 62
999977435 42
999977477 63
999977540 60
999977600 84
999977684 88
999977772 73
999977845 3
999977848 73
999977921 17
999977938 32
999977970 28
999977998 12
999978010 22
999978032 47
999978079 5
999978084 83
999978167 27
999978194 56
999978250 20
999978270 59
999978329 16
999978345 42
999978387 79
999978466 54
999978520 26
999978546 84
999978630 81
999978711 25
999978736 35
999978771 47
999978818 8
999978826 9
999978835 27
999978862 21
999978883 96
999978979 46
999979025 70
999979095 28
999979123 67
999979190 3
999979193 2
999979195 98
999979293 72
999979365 96
999979461 95
999979556 2
999979558 60
999979618 66
999979684 92
999979776 43
999979819 26
999979845 80
999979925 10
999979935 37
999979972 30
999980002 32
999980034 61
999980095 42
999980137 80
999980217 47
999980264 54
999980318 2
999980320 1
999980321 40
999980361 37
999980398 69
999980467 18
999980485 41
999980526 3
999980529 54
999980583 67
999980650 16
999980666 45
999980711 43
999980754 46
999980800 69
999980869 13
999980882 41
999980923 73
999980996 34
999981030 60
999981090 69
999981159 38
999981197 99
999981296 76
999981372 6
999981378 70
999981448 85
999981533 80
999981613 6
999981619 29
999981648 65
999981713 31
999981744 79
999981823 59
999981882 90
999981972 17
999981989 99
999982088 74
999982162 90
999982252 74
999982326 82
999982408 54
999982462 55
999982517 33
999982550 19
999982569 30
999982599 1
999982600 22
999982622 16
999982638 93
999982731 92
999982823 48
999982871 3
999982874 21
999982895 74
999982969 39
999983008 79
999983087 17
999983104 32
999983136 3
999983139 95
999983234 5
999983239 51
999983290 84
999983374 1
999983375 52
999983427 2
999983429 56
999983485 21
999983506 88
999983594 14
999983608 92
999983700 12
999983712 45
999983757 51
999983808 6
999983814 51
999983865 26
999983891 6
999983897 51
999983948 8
999983956 9
999983965 69
999984034 44
999984078 39
999984117 66
999984183 22
999984205 74
999984279 91
999984370 88
999984458 89
999984547 77
999984624 85
999984709 97
999984806 21
999984827 32
999984859 29
999984888 83
999984971 3
999984974 90
999985064 85
999985149 7
999985156 88
999985244 19
999985263 74
999985337 60
999985397 68
999985465 70
999985535 23
999985558 59
999985617 7
999985624 32
999985656 9
999985665 95
999985760 75
999985835 100
999985935 66
999986001 17
999986018 58
999986076 78
999986154 37
999986191 23
999986214 80
999986294 8
999986302 2
999986304 9
999986313 5
999986318 69
999986387 96
999986483 24
999986507 21
999986528 7
999986535 28
999986563 97
999986660 10
999986670 13
999986683 65
999986748 64
999986812 34
999986846 76
999986922 83
999987005 45
999987050 10
999987060 68
999987128 10
999987138 9
999987147 76
999987223 53
999987276 28
999987304 64
999987368 44
999987412 93
999987505 81
999987586 20
999987606 24
999987630 10
999987640 20
999987660 87
999987747 12
999987759 4
999987763 33
999987796 23
999987819 32
999987851 4
999987855 18
999987873 91
999987964 30
999987994 95
999988089 7
999988096 94
999988190 82
999988272 73
999988345 14
999988359 53
999988412 9
999988421 78
999988499 17
999988516 31
999988547 7
999988554 23
999988577 33
999988610 70
999988680 15
999988695 33
999988728 37
999988765 83
999988848 36
999988884 54
999988938 22
999988960 18
999988978 67
999989045 12
999989057 46
999989103 6
999989109 9
999989118 13
999989131 54
999989185 4
999989189 3
999989192 90
999989282 44
999989326 24
999989350 56
999989406 31
999989437 82
999989519 83
999989602 37
999989639 39
999989678 62
999989740 93
999989833 24
999989857 39
999989896 67
999989963 79
999990042 12
999990054 13
999990067 58
999990125 14
999990139 23
999990162 32
999990194 22
999990216 1
999990217 9
999990226 54
999990280 4
999990284 32
999990316 100
999990416 7
999990423 90
999990513 87
999990600 27
999990627 1
999990628 10
999990638 23
999990661 25
999990686 92
999990778 41
999990819 52
999990871 5
999990876 21
999990897 20
999990917 99
999991016 64
999991080 88
999991168 45
999991213 93
999991306 30
999991336 22
999991358 38
999991396 89
999991485 82
999991567 37
999991604 45
999991649 94
999991743 1
999991744 100
999991844 58
999991902 7
999991909 31
999991940 48
999991988 15
999992003 34
999992037 15
999992052 45
999992097 50
999992147 79
999992226 56
999992282 57
999992339 88
999992427 27
999992454 36
999992490 83
999992573 8
999992581 44
999992625 29
999992654 71
999992725 16
999992741 61
999992802 83
999992885 34
999992919 30
999992949 76
999993025 100
999993125 90
999993215 33
999993248 58
999993306 86
999993392 94
999993486 96
999993582 87
999993669 34
999993703 96
999993799 20
999993819 13
999993832 22
999993854 58
999993912 71
999993983 18
999994001 85
999994086 6
999994092 61
999994153 75
999994228 27
999994255 30
999994285 18
999994303 47
999994350 13
999994363 35
999994398 63
999994461 14
999994475 81
999994556 37
999994593 4
999994597 74
999994671 65
999994736 69
999994805 82
999994887 6
999994893 78
999994971 81
999995052 4
999995056 38
999995094 16
999995110 4
999995114 23
999995137 39
999995176 18
999995194 17
999995211 57
999995268 68
999995336 37
999995373 15
999995388 90
999995478 46
999995524 79
999995603 86
999995689 50
999995739 8
999995747 80
999995827 17
999995844 98
999995942 95
999996037 84
999996121 22
999996143 3
999996146 52
999996198 96
999996294 83
999996377 40
999996417 50
999996467 82
999996549 46
999996595 91
999996686 13
999996699 16
999996715 43
999996758 55
999996813 97
999996910 4
999996914 100
999997014 5
999997019 30
999997049 37
999997086 89
999997175 90
999997265 23
999997288 93
999997381 82
999997463 1
999997464 4
999997468 35
999997503 60
999997563 79
999997642 42
999997684 3
999997687 72
999997759 41
999997800 6
999997806 28
999997834 56
999997890 42
999997932 13
999997945 60
999998005 3
999998008 36
999998044 32
999998076 4
999998080 62
999998142 41
999998183 49
999998232 90
999998322 47
999998369 67
999998436 19
999998455 37
999998492 93
999998585 45
999998630 100
999998730 40
999998770 67
999998837 40
999998877 3
999998880 67
999998947 36
999998983 66
999999049 44
999999093 66
999999159 76
999999235 12
999999247 1
999999248 44
999999292 67
999999359 51
999999410 9
999999419 98
999999517 84
999999601 56
999999657 67
999999724 15
999999739 16
999999755 22
999999777 13
999999790 95
999999885 6
999999891 74
999999965 1
999999966 31
999999997 3
